[gd_scene load_steps=14 format=3 uid="uid://b5rmjajnlo22w"]

[ext_resource type="Texture2D" uid="uid://8jjphj6non1s" path="res://art/blockmesh texture darkgray.png" id="1_x707m"]
[ext_resource type="Texture2D" uid="uid://blejfycf2xpm7" path="res://art/blockmesh texture blue.png" id="2_x5sg2"]
[ext_resource type="Texture2D" uid="uid://cuy43ijkbhula" path="res://art/blockmesh texture green.png" id="3_35qmt"]
[ext_resource type="Texture2D" uid="uid://1ihienek4uv4" path="res://art/blockmesh texture purple.png" id="4_by77g"]
[ext_resource type="Texture2D" uid="uid://cqtrnlqmmhffx" path="res://art/blockmesh texture red.png" id="5_73yqw"]

[sub_resource type="StandardMaterial3D" id="StandardMaterial3D_kp031"]
albedo_texture = ExtResource("1_x707m")
uv1_triplanar = true
uv1_world_triplanar = true
texture_filter = 5

[sub_resource type="StandardMaterial3D" id="StandardMaterial3D_6j7a6"]
albedo_texture = ExtResource("2_x5sg2")
uv1_triplanar = true
uv1_triplanar_sharpness = 150.0
uv1_world_triplanar = true
texture_filter = 5

[sub_resource type="StandardMaterial3D" id="StandardMaterial3D_uatdx"]
albedo_texture = ExtResource("3_35qmt")
uv1_triplanar = true
uv1_triplanar_sharpness = 150.0
uv1_world_triplanar = true
texture_filter = 5

[sub_resource type="StandardMaterial3D" id="StandardMaterial3D_fxdaq"]
albedo_texture = ExtResource("4_by77g")
uv1_triplanar = true
uv1_triplanar_sharpness = 150.0
uv1_world_triplanar = true
texture_filter = 5

[sub_resource type="StandardMaterial3D" id="StandardMaterial3D_ihnv6"]
albedo_texture = ExtResource("5_73yqw")
uv1_triplanar = true
uv1_world_triplanar = true
texture_filter = 5

[sub_resource type="StandardMaterial3D" id="StandardMaterial3D_ly0nc"]
albedo_color = Color(0.447059, 0.447059, 0.447059, 1)
albedo_texture = ExtResource("3_35qmt")
uv1_triplanar = true
uv1_triplanar_sharpness = 150.0
uv1_world_triplanar = true
texture_filter = 5

[sub_resource type="StandardMaterial3D" id="StandardMaterial3D_6qc48"]
albedo_color = Color(0.27451, 0.27451, 0.27451, 1)
albedo_texture = ExtResource("5_73yqw")
uv1_triplanar = true
uv1_world_triplanar = true
texture_filter = 5

[sub_resource type="StandardMaterial3D" id="StandardMaterial3D_j7qiy"]
albedo_color = Color(0.27451, 0.27451, 0.27451, 1)
albedo_texture = ExtResource("5_73yqw")
uv1_triplanar = true
uv1_world_triplanar = true
texture_filter = 5

[node name="Level" type="Node3D"]

[node name="CSGBox3D" type="CSGBox3D" parent="."]
transform = Transform3D(1, 0, 0, 0, 1, 0, 0, 0, 1, 0, -0.5, 0)
use_collision = true
size = Vector3(59.7816, 1, 34)
material = SubResource("StandardMaterial3D_kp031")

[node name="CSGBox3D56" type="CSGBox3D" parent="."]
transform = Transform3D(1, 0, 0, 0, 1, 0, 0, 0, 1, 0, 0.5, 13.25)
use_collision = true
size = Vector3(59.7816, 1, 4.5)
material = SubResource("StandardMaterial3D_kp031")

[node name="CSGBox3D2" type="CSGBox3D" parent="."]
transform = Transform3D(1, 0, 0, 0, 1, 0, 0, 0, 1, 0, 0.125, -1.25)
use_collision = true
size = Vector3(1, 0.25, 0.5)
material = SubResource("StandardMaterial3D_6j7a6")

[node name="CSGBox3D58" type="CSGBox3D" parent="."]
transform = Transform3D(1, 0, 0, 0, 1, 0, 0, 0, 1, -6, 0.0625, -6.25)
use_collision = true
size = Vector3(1, 0.125, 0.5)
material = SubResource("StandardMaterial3D_6j7a6")

[node name="CSGBox3D59" type="CSGBox3D" parent="."]
transform = Transform3D(1, 0, 0, 0, 1, 0, 0, 0, 1, -6, 0.1875, -6.75)
use_collision = true
size = Vector3(1, 0.125, 0.5)
material = SubResource("StandardMaterial3D_6j7a6")

[node name="CSGBox3D60" type="CSGBox3D" parent="."]
transform = Transform3D(1, 0, 0, 0, 1, 0, 0, 0, 1, -6, 0.3125, -7.25)
use_collision = true
size = Vector3(1, 0.125, 0.5)
material = SubResource("StandardMaterial3D_6j7a6")

[node name="CSGBox3D61" type="CSGBox3D" parent="."]
transform = Transform3D(1, 0, 0, 0, 1, 0, 0, 0, 1, -6, 0.4375, -7.75)
use_collision = true
size = Vector3(1, 0.125, 0.5)
material = SubResource("StandardMaterial3D_6j7a6")

[node name="CSGBox3D12" type="CSGPolygon3D" parent="."]
transform = Transform3D(-4.37114e-08, 0, -1, 0, 1, 0, 1, 0, -4.37114e-08, -3.70001, 0, -2)
use_collision = true
polygon = PackedVector2Array(-1, 0.9375, -1, 1, 1, 0, 1, -0.0625)
material = SubResource("StandardMaterial3D_uatdx")

[node name="CSGBox3D32" type="CSGPolygon3D" parent="."]
transform = Transform3D(-4.37114e-08, 0, -1, 0, 1, 0, 1, 0, -4.37114e-08, -2.0101, 0, -2)
use_collision = true
polygon = PackedVector2Array(-1, 0.9375, -1, 1, 1, 0, 1, -0.0625)
material = SubResource("StandardMaterial3D_uatdx")

[node name="CSGBox3D20" type="CSGPolygon3D" parent="."]
transform = Transform3D(-1, 0, -8.74228e-08, 0, 1, 0, 8.74228e-08, 0, -1, 7.25, 0, -2.5)
use_collision = true
polygon = PackedVector2Array(-1, 0.9375, -1, 1, 1, 0, 1, -0.0625)
material = SubResource("StandardMaterial3D_uatdx")

[node name="CSGBox3D13" type="CSGPolygon3D" parent="."]
transform = Transform3D(-4.37114e-08, 0, 1, 0, 1, 0, -1, 0, -4.37114e-08, -2.70001, 2.1875, -2)
use_collision = true
polygon = PackedVector2Array(-1, 0.9375, -1, 1, 1, 0, 1, -0.0625)
material = SubResource("StandardMaterial3D_uatdx")

[node name="CSGBox3D14" type="CSGPolygon3D" parent="."]
transform = Transform3D(-4.37114e-08, 0, 1, 0, 1, 0, -1, 0, -4.37114e-08, -3.97459, 1.0625, -2)
use_collision = true
polygon = PackedVector2Array(-1, 0.9375, -1, 1, 1, 0, 1, -0.0625)
material = SubResource("StandardMaterial3D_uatdx")

[node name="CSGBox3D23" type="CSGPolygon3D" parent="."]
transform = Transform3D(-4.37114e-08, 0, 1, 0, 1, 0, -1, 0, -4.37114e-08, -5.52437, 1.4375, -2)
use_collision = true
polygon = PackedVector2Array(-1, 0.8125, -1, 0.875, 1, 0.625, 1, 0.5625)
material = SubResource("StandardMaterial3D_uatdx")

[node name="CSGBox3D25" type="CSGPolygon3D" parent="."]
transform = Transform3D(-4.37114e-08, 0, 1, 0, 1, 0, -1, 0, -4.37114e-08, -7.64937, 1.1875, -2)
use_collision = true
polygon = PackedVector2Array(-1, 0.8125, -1, 0.875, 1, 0.625, 1, 0.5625)
material = SubResource("StandardMaterial3D_uatdx")

[node name="CSGBox3D26" type="CSGPolygon3D" parent="."]
transform = Transform3D(1.91069e-15, -1, -4.37114e-08, -4.37114e-08, -4.37114e-08, 1, -1, 0, -4.37114e-08, -10.1494, 3, -2)
use_collision = true
polygon = PackedVector2Array(-1, 0.8125, -1, 0.875, 1, 0.625, 1, 0.5625)
depth = 3.0
material = SubResource("StandardMaterial3D_fxdaq")

[node name="CSGBox3D27" type="CSGPolygon3D" parent="."]
transform = Transform3D(-5.73206e-15, 1, 1.31134e-07, 4.37114e-08, 1.31134e-07, -1, -1, 0, -4.37114e-08, -10.6494, 0, -2)
use_collision = true
polygon = PackedVector2Array(-1, 0.8125, -1, 0.875, 1, 0.625, 1, 0.5625)
depth = 3.0
material = SubResource("StandardMaterial3D_fxdaq")

[node name="CSGBox3D24" type="CSGPolygon3D" parent="."]
transform = Transform3D(1.31134e-07, 0, -1, 0, 1, 0, 1, 0, 1.31134e-07, -6.52437, -0.625, -2)
use_collision = true
polygon = PackedVector2Array(-1, 0.8125, -1, 0.875, 1, 0.625, 1, 0.5625)
material = SubResource("StandardMaterial3D_uatdx")

[node name="CSGBox3D57" type="CSGPolygon3D" parent="."]
transform = Transform3D(-4.37114e-08, 0, 1, 0, 1, 0, -1, 0, -4.37114e-08, -5.5, 1.438, -7)
use_collision = true
polygon = PackedVector2Array(-1, 0.8125, -1, 0.875, 1, 0.625, 1, 0.5625)
material = SubResource("StandardMaterial3D_uatdx")

[node name="CSGBox3D28" type="CSGPolygon3D" parent="."]
transform = Transform3D(1.31134e-07, 0, -1, 0, 1, 0, 1, 0, 1.31134e-07, -10.8994, -0.625, -2)
use_collision = true
polygon = PackedVector2Array(-1, 0.8125, -1, 0.875, 1, 0.625, 1, 0.5625)
material = SubResource("StandardMaterial3D_uatdx")

[node name="CSGBox3D10" type="CSGBox3D" parent="."]
transform = Transform3D(1, 0, 0, 0, 1, 0, 0, 0, 1, 0, 2.25, -0.5625)
use_collision = true
size = Vector3(1, 0.25, 0.5)
material = SubResource("StandardMaterial3D_6j7a6")

[node name="CSGBox3D11" type="CSGBox3D" parent="."]
transform = Transform3D(1, 0, 0, 0, 1, 0, 0, 0, 1, 2, 2.25, -0.6875)
use_collision = true
size = Vector3(1, 0.25, 0.5)
material = SubResource("StandardMaterial3D_6j7a6")

[node name="CSGBox3D3" type="CSGBox3D" parent="."]
transform = Transform3D(1, 0, 0, 0, 1, 0, 0, 0, 1, 0, 0.375, -1.75)
use_collision = true
size = Vector3(1, 0.25, 0.5)
material = SubResource("StandardMaterial3D_6j7a6")

[node name="CSGBox3D4" type="CSGBox3D" parent="."]
transform = Transform3D(1, 0, 0, 0, 1, 0, 0, 0, 1, 0, 0.625, -2.25)
use_collision = true
size = Vector3(1, 0.25, 0.5)
material = SubResource("StandardMaterial3D_6j7a6")

[node name="CSGBox3D5" type="CSGBox3D" parent="."]
transform = Transform3D(1, 0, 0, 0, 1, 0, 0, 0, 1, 0, 0.875, -2.75)
use_collision = true
size = Vector3(1, 0.25, 0.5)
material = SubResource("StandardMaterial3D_6j7a6")

[node name="CSGBox3D6" type="CSGBox3D" parent="."]
transform = Transform3D(1, 0, 0, 0, 1, 0, 0, 0, 1, 2, 0.125, -1.25)
use_collision = true
size = Vector3(1, 0.25, 0.5)
material = SubResource("StandardMaterial3D_6j7a6")

[node name="CSGBox3D7" type="CSGBox3D" parent="."]
transform = Transform3D(1, 0, 0, 0, 1, 0, 0, 0, 1, 2, 0.375, -1.75)
use_collision = true
size = Vector3(1, 0.25, 0.5)
material = SubResource("StandardMaterial3D_6j7a6")

[node name="CSGBox3D8" type="CSGBox3D" parent="."]
transform = Transform3D(1, 0, 0, 0, 1, 0, 0, 0, 1, 2, 0.625, -2.25)
use_collision = true
size = Vector3(1, 0.25, 0.5)
material = SubResource("StandardMaterial3D_6j7a6")

[node name="CSGBox3D9" type="CSGBox3D" parent="."]
transform = Transform3D(1, 0, 0, 0, 1, 0, 0, 0, 1, 2, 0.875, -2.75)
use_collision = true
size = Vector3(1, 0.25, 0.5)
material = SubResource("StandardMaterial3D_6j7a6")

[node name="CSGBox3D15" type="CSGBox3D" parent="."]
transform = Transform3D(1, 0, 0, 0, 1, 0, 0, 0, 1, 4, 2.1875, -1.25)
use_collision = true
size = Vector3(0.990841, 0.25, 0.491446)
material = SubResource("StandardMaterial3D_6j7a6")

[node name="CSGBox3D16" type="CSGBox3D" parent="."]
transform = Transform3D(1, 0, 0, 0, 1, 0, 0, 0, 1, 4, 0.125, -1.25)
use_collision = true
size = Vector3(1, 0.25, 0.5)
material = SubResource("StandardMaterial3D_6j7a6")

[node name="CSGBox3D21" type="CSGBox3D" parent="."]
transform = Transform3D(1, 0, 0, 0, 1, 0, 0, 0, 1, 7.5, 1.125, -1.25)
use_collision = true
size = Vector3(1, 3.5, 0.5)
material = SubResource("StandardMaterial3D_ihnv6")

[node name="CSGBox3D22" type="CSGBox3D" parent="."]
transform = Transform3D(1, 0, 0, 0, 1, 0, 0, 0, 1, 5.75, 1.125, -1.25)
use_collision = true
size = Vector3(0.5, 3.5, 0.5)
material = SubResource("StandardMaterial3D_ihnv6")

[node name="CSGBox3D17" type="CSGBox3D" parent="."]
transform = Transform3D(1, 0, 0, 0, 1, 0, 0, 0, 1, 4, 0.375, -1.75)
use_collision = true
size = Vector3(1, 0.25, 0.5)
material = SubResource("StandardMaterial3D_6j7a6")

[node name="CSGBox3D18" type="CSGBox3D" parent="."]
transform = Transform3D(1, 0, 0, 0, 1, 0, 0, 0, 1, 4, 0.625, -2.25)
use_collision = true
size = Vector3(1, 0.25, 0.5)
material = SubResource("StandardMaterial3D_6j7a6")

[node name="CSGBox3D19" type="CSGBox3D" parent="."]
transform = Transform3D(1, 0, 0, 0, 1, 0, 0, 0, 1, 4, 0.875, -2.75)
use_collision = true
size = Vector3(1, 0.25, 0.5)
material = SubResource("StandardMaterial3D_6j7a6")

[node name="CSGBox3D51" type="CSGBox3D" parent="."]
transform = Transform3D(1, 0, 0, 0, 1, 0, 0, 0, 1, 4, 0.125, -5.25)
use_collision = true
size = Vector3(1, 0.25, 0.5)
material = SubResource("StandardMaterial3D_6j7a6")

[node name="CSGBox3D55" type="CSGBox3D" parent="."]
transform = Transform3D(1, 0, 0, 0, 1, 0, 0, 0, 1, 4, 2.1875, -5.25)
use_collision = true
size = Vector3(1, 0.25, 0.5)
material = SubResource("StandardMaterial3D_6j7a6")

[node name="CSGBox3D52" type="CSGBox3D" parent="."]
transform = Transform3D(1, 0, 0, 0, 1, 0, 0, 0, 1, 4, 0.375, -5.75)
use_collision = true
size = Vector3(1, 0.25, 0.5)
material = SubResource("StandardMaterial3D_6j7a6")

[node name="CSGBox3D53" type="CSGBox3D" parent="."]
transform = Transform3D(1, 0, 0, 0, 1, 0, 0, 0, 1, 4, 0.625, -6.25)
use_collision = true
size = Vector3(1, 0.25, 0.5)
material = SubResource("StandardMaterial3D_6j7a6")

[node name="CSGBox3D54" type="CSGBox3D" parent="."]
transform = Transform3D(1, 0, 0, 0, 1, 0, 0, 0, 1, 4, 0.875, -6.75)
use_collision = true
size = Vector3(1, 0.25, 0.5)
material = SubResource("StandardMaterial3D_6j7a6")

[node name="Label3D" type="Label3D" parent="."]
transform = Transform3D(1, 0, 0, 0, 1, 0, 0, 0, 1, 0, 1.46182, -1)
pixel_size = 0.0025
text = "It *should* be possible to climb
this entire staircase"

[node name="Label3D10" type="Label3D" parent="."]
transform = Transform3D(1, 0, 0, 0, 1, 0, 0, 0, 1, 0, 0.893967, 1.375)
pixel_size = 0.0025
text = "Assuming the right collision shape size, and a
perfect stair-stepping algorithm, everything on
this map should work with both AABB
and cylinder character collision shapes.

Capsules won't work without a capsule-specific
algorithm; the sloped part at the bottom of
a capsule acts like a sloped wall when it touches
the edge of a step, making it impossible to climb.

AABB dimensions: 0.625, 1.75, 0.625
(full extents, not half extents)"

[node name="Label3D2" type="Label3D" parent="."]
transform = Transform3D(1, 0, 0, 0, 1, 0, 0, 0, 1, 2.03169, 1.46182, -1)
pixel_size = 0.0025
text = "It should *NOT* be possible to climb
this entire staircase. the player should
get snagged on the
ceiling block."

[node name="Label3D3" type="Label3D" parent="."]
transform = Transform3D(1, 0, 0, 0, 1, 0, 0, 0, 1, 3.90669, 1.46182, -1)
pixel_size = 0.0025
text = "It should be possible to step
onto the first step, but not
onto the second, from
this direction."

[node name="Label3D19" type="Label3D" parent="."]
transform = Transform3D(1, 0, 0, 0, 1, 0, 0, 0, 1, 3.90669, 1.46182, -4.98793)
pixel_size = 0.0025
text = "It should be possible to step
onto the first step, but not
onto the second, from
this direction.
Harder version of the one
in front of it."

[node name="Label3D4" type="Label3D" parent="."]
transform = Transform3D(1, 0, 0, 0, 1, 0, 0, 0, 1, 6.47481, 1.46182, -0.977026)
pixel_size = 0.0025
text = "It *SHOULD* be possible
to step onto the green
ramp from this direction,
without being forced
to jump, even with
an AABB collision shape.
Cylinders might require
a hack to skip over the
part of their bottom that
forms a 'sloped wall' with
the ramp edge."

[node name="CSGBox3D42" type="CSGPolygon3D" parent="."]
transform = Transform3D(-0.5, 0, 0.866025, 0, 1, 0, -0.866025, 0, -0.5, 7.86785, 0, -6.55866)
use_collision = true
polygon = PackedVector2Array(-1, 0.9375, -1, 1, 1, 0, 1, -0.0625)
material = SubResource("StandardMaterial3D_uatdx")

[node name="CSGBox3D43" type="CSGBox3D" parent="."]
transform = Transform3D(0.5, 0, -0.866025, 0, 1, 0, 0.866025, 0, 0.5, 6.91032, 1.125, -5.71716)
use_collision = true
size = Vector3(1, 3.5, 0.5)
material = SubResource("StandardMaterial3D_ihnv6")

[node name="CSGBox3D44" type="CSGBox3D" parent="."]
transform = Transform3D(0.5, 0, -0.866025, 0, 1, 0, 0.866025, 0, 0.5, 6.03532, 1.125, -7.2327)
use_collision = true
size = Vector3(0.5, 3.5, 0.5)
material = SubResource("StandardMaterial3D_ihnv6")

[node name="Label3D16" type="Label3D" parent="."]
transform = Transform3D(0.5, 0, -0.866025, 0, 1, 0, 0.866025, 0, 0.5, 6.16132, 1.46182, -6.46851)
pixel_size = 0.0025
text = "It *SHOULD* be possible
to step onto the green
ramp from this direction,
without being forced
to jump, even with
an AABB collision shape.
Cylinders might require
a hack to skip over the
part of their bottom that
forms a 'sloped wall' with
the ramp edge."

[node name="CSGBox3D45" type="CSGPolygon3D" parent="."]
transform = Transform3D(-0.258819, 0, 0.965926, 0, 1, 0, -0.965926, 0, -0.258819, 11.8462, 0, -6.26552)
use_collision = true
polygon = PackedVector2Array(-1, 0.9375, -1, 1, 1, 0, 1, -0.0625)
material = SubResource("StandardMaterial3D_ly0nc")

[node name="CSGBox3D46" type="CSGBox3D" parent="."]
transform = Transform3D(0.258819, 0, -0.965926, 0, 1, 0, 0.965926, 0, 0.258819, 10.7035, 1.125, -5.70051)
use_collision = true
size = Vector3(1, 3.5, 0.5)
material = SubResource("StandardMaterial3D_6qc48")

[node name="CSGBox3D47" type="CSGBox3D" parent="."]
transform = Transform3D(0.258819, 0, -0.965926, 0, 1, 0, 0.965926, 0, 0.258819, 10.2506, 1.125, -7.39088)
use_collision = true
size = Vector3(0.5, 3.5, 0.5)
material = SubResource("StandardMaterial3D_j7qiy")

[node name="Label3D17" type="Label3D" parent="."]
transform = Transform3D(0.258819, 0, -0.965926, 0, 1, 0, 0.965926, 0, 0.258819, 10.1745, 1.46182, -6.62012)
pixel_size = 0.0025
text = "Unless you've applied a hack
to skip over small sloped walls,
It should NOT be possible
to step onto the ramp
from thie direction with
an AABB collision
hull. The bottom edge
of the AABB should form
a sloped wall collision
surface with the ramp
edge, preventing
stair-stepping."

[node name="CSGBox3D33" type="CSGPolygon3D" parent="."]
transform = Transform3D(-0.707107, 0, 0.707107, 0, 1, 0, -0.707107, 0, -0.707107, 11.8129, 0, -1.84742)
use_collision = true
polygon = PackedVector2Array(-1, 0.9375, -1, 1, 1, 0, 1, -0.0625)
material = SubResource("StandardMaterial3D_uatdx")

[node name="CSGBox3D34" type="CSGBox3D" parent="."]
transform = Transform3D(0.707107, 0, -0.707107, 0, 1, 0, 0.707107, 0, 0.707107, 11.1058, 1.125, -0.786758)
use_collision = true
size = Vector3(1, 3.5, 0.5)
material = SubResource("StandardMaterial3D_ihnv6")

[node name="CSGBox3D35" type="CSGBox3D" parent="."]
transform = Transform3D(0.707107, 0, -0.707107, 0, 1, 0, 0.707107, 0, 0.707107, 9.86833, 1.125, -2.02419)
use_collision = true
size = Vector3(0.5, 3.5, 0.5)
material = SubResource("StandardMaterial3D_ihnv6")

[node name="Label3D13" type="Label3D" parent="."]
transform = Transform3D(0.707107, 0, -0.707107, 0, 1, 0, 0.707107, 0, 0.707107, 10.1878, 1.46182, -1.31865)
pixel_size = 0.0025
text = "It *SHOULD* be possible
to step onto the green
ramp from this direction,
without being forced
to jump, even with
an AABB collision shape.
Cylinders might require
a hack to skip over the
part of their bottom that
forms a 'sloped wall' with
the ramp edge."

[node name="CSGBox3D36" type="CSGPolygon3D" parent="."]
transform = Transform3D(-0.965926, 0, 0.258819, 0, 1, 0, -0.258819, 0, -0.965926, 15.4931, 0, -2.3347)
use_collision = true
polygon = PackedVector2Array(-1, 0.9375, -1, 1, 1, 0, 1, -0.0625)
material = SubResource("StandardMaterial3D_uatdx")

[node name="CSGBox3D37" type="CSGBox3D" parent="."]
transform = Transform3D(0.965926, 0, -0.258819, 0, 1, 0, 0.258819, 0, 0.965926, 15.411, 1.125, -1.06259)
use_collision = true
size = Vector3(1, 3.5, 0.5)
material = SubResource("StandardMaterial3D_ihnv6")

[node name="CSGBox3D38" type="CSGBox3D" parent="."]
transform = Transform3D(0.965926, 0, -0.258819, 0, 1, 0, 0.258819, 0, 0.965926, 13.7206, 1.125, -1.5155)
use_collision = true
size = Vector3(0.5, 3.5, 0.5)
material = SubResource("StandardMaterial3D_ihnv6")

[node name="Label3D14" type="Label3D" parent="."]
transform = Transform3D(0.965926, 0, -0.258819, 0, 1, 0, 0.258819, 0, 0.965926, 14.3501, 1.46182, -1.06422)
pixel_size = 0.0025
text = "It *SHOULD* be possible
to step onto the green
ramp from this direction,
without being forced
to jump, even with
an AABB collision shape.
Cylinders might require
a hack to skip over the
part of their bottom that
forms a 'sloped wall' with
the ramp edge."

[node name="CSGBox3D39" type="CSGPolygon3D" parent="."]
transform = Transform3D(-0.866026, 0, 0.5, 0, 1, 0, -0.5, 0, -0.866026, 19.6851, 0, -2.11211)
use_collision = true
polygon = PackedVector2Array(-1, 0.9375, -1, 1, 1, 0, 1, -0.0625)
material = SubResource("StandardMaterial3D_uatdx")

[node name="CSGBox3D40" type="CSGBox3D" parent="."]
transform = Transform3D(0.866026, 0, -0.5, 0, 1, 0, 0.5, 0, 0.866026, 19.2766, 1.125, -0.904582)
use_collision = true
size = Vector3(1, 3.5, 0.5)
material = SubResource("StandardMaterial3D_ihnv6")

[node name="CSGBox3D41" type="CSGBox3D" parent="."]
transform = Transform3D(0.866026, 0, -0.5, 0, 1, 0, 0.5, 0, 0.866026, 17.761, 1.125, -1.77957)
use_collision = true
size = Vector3(0.5, 3.5, 0.5)
material = SubResource("StandardMaterial3D_ihnv6")

[node name="Label3D15" type="Label3D" parent="."]
transform = Transform3D(0.866026, 0, -0.5, 0, 1, 0, 0.5, 0, 0.866026, 18.2522, 1.46182, -1.18075)
pixel_size = 0.0025
text = "It *SHOULD* be possible
to step onto the green
ramp from this direction,
without being forced
to jump, even with
an AABB collision shape.
Cylinders might require
a hack to skip over the
part of their bottom that
forms a 'sloped wall' with
the ramp edge."

[node name="Label3D5" type="Label3D" parent="."]
transform = Transform3D(1, 0, 0, 0, 1, 0, 0, 0, 1, -3.12485, 1.46182, -0.977026)
pixel_size = 0.0025
text = "glitch testing"

[node name="Label3D12" type="Label3D" parent="."]
transform = Transform3D(1, 0, 0, 0, 1, 0, 0, 0, 1, -1.57804, 1.46182, -0.977026)
pixel_size = 0.0025
text = "simple 2:1 ramp"

[node name="Label3D6" type="Label3D" parent="."]
transform = Transform3D(1, 0, 0, 0, 1, 0, 0, 0, 1, -4.35497, 1.46182, -0.977026)
pixel_size = 0.0025
text = "glitch testing"

[node name="Label3D7" type="Label3D" parent="."]
transform = Transform3D(1, 0, 0, 0, 1, 0, 0, 0, 1, -6.15945, 1.46182, -0.977026)
pixel_size = 0.0025
text = "glitch testing"

[node name="Label3D8" type="Label3D" parent="."]
transform = Transform3D(1, 0, 0, 0, 1, 0, 0, 0, 1, -8.00267, 1.46182, -0.977026)
pixel_size = 0.0025
text = "glitch testing"

[node name="Label3D9" type="Label3D" parent="."]
transform = Transform3D(1, 0, 0, 0, 1, 0, 0, 0, 1, -10.3718, 1.46182, -0.977026)
pixel_size = 0.0025
text = "glitch testing"

[node name="CSGBox3D29" type="CSGPolygon3D" parent="."]
transform = Transform3D(-0.707107, -0.707107, -6.18172e-08, -4.37114e-08, -4.37114e-08, 1, -0.707107, 0.707107, -7.10543e-15, -13.6402, 3, -2.10452)
use_collision = true
polygon = PackedVector2Array(-1, 0.8125, -1, 0.875, 1, 0.625, 1, 0.5625)
depth = 3.0
material = SubResource("StandardMaterial3D_fxdaq")

[node name="CSGBox3D30" type="CSGPolygon3D" parent="."]
transform = Transform3D(-0.707107, 0.707107, 6.18172e-08, 4.37114e-08, 1.31134e-07, -1, -0.707107, -0.707107, -1.23634e-07, -13.8137, 0, -1.93107)
use_collision = true
polygon = PackedVector2Array(-1, 0.8125, -1, 0.875, 1, 0.625, 1, 0.5625)
depth = 3.0
material = SubResource("StandardMaterial3D_fxdaq")

[node name="CSGBox3D31" type="CSGPolygon3D" parent="."]
transform = Transform3D(0.707107, 0, -0.707107, 0, 1, 0, 0.707107, 0, 0.707107, -14.0934, -0.625, -1.65506)
use_collision = true
polygon = PackedVector2Array(-1, 0.8125, -1, 0.875, 1, 0.625, 1, 0.5625)
material = SubResource("StandardMaterial3D_uatdx")

[node name="Label3D11" type="Label3D" parent="."]
transform = Transform3D(0.707107, 0, 0.707107, 0, 1, 0, -0.707107, 0, 0.707107, -12.997, 1.46182, -1.30475)
pixel_size = 0.0025
text = "glitch testing"

[node name="CSGBox3D48" type="CSGPolygon3D" parent="."]
transform = Transform3D(-0.707107, -0.707107, -6.18172e-08, -4.37114e-08, -4.37114e-08, 1, -0.707107, 0.707107, -7.10543e-15, -16.7505, 3, -2.24789)
use_collision = true
polygon = PackedVector2Array(-1, 0.8125, -1, 0.875, 1, 0.625, 1, 0.5625)
depth = 3.0
material = SubResource("StandardMaterial3D_fxdaq")

[node name="CSGBox3D49" type="CSGPolygon3D" parent="."]
transform = Transform3D(-0.707107, 0.707107, 6.18172e-08, 4.37114e-08, 1.31134e-07, -1, -0.707107, -0.707107, -1.23634e-07, -17.1041, 0, -1.89433)
use_collision = true
polygon = PackedVector2Array(-1, 0.8125, -1, 0.875, 1, 0.625, 1, 0.5625)
depth = 3.0
material = SubResource("StandardMaterial3D_fxdaq")

[node name="CSGBox3D50" type="CSGPolygon3D" parent="."]
transform = Transform3D(0.707107, 0, -0.707107, 0, 1, 0, 0.707107, 0, 0.707107, -17.2184, -0.625, -1.65506)
use_collision = true
polygon = PackedVector2Array(-1, 0.8125, -1, 0.875, 1, 0.625, 1, 0.5625)
material = SubResource("StandardMaterial3D_uatdx")

[node name="Label3D18" type="Label3D" parent="."]
transform = Transform3D(0.707107, 0, 0.707107, 0, 1, 0, -0.707107, 0, 0.707107, -16.122, 1.46182, -1.30475)
pixel_size = 0.0025
text = "glitch testing
(slightly tighter)"
